--- Lib/importlib/_bootstrap_external.py
+++ Lib/importlib/_bootstrap_external.py
@@ -1078,6 +1078,9 @@ class PathFinder:
                 # Don't cache the failure as the cwd can easily change to
                 # a valid directory later on.
                 return None
+            except AttributeError:
+                # CloudABI has no concept of a current working directory
+                return None
         try:
             finder = sys.path_importer_cache[path]
         except KeyError:
--- Makefile.pre.in
+++ Makefile.pre.in
@@ -223,6 +223,7 @@ BUILDPYTHON=        python$(BUILDEXE)
 
 cross_compiling=@cross_compiling@
 PYTHON_FOR_BUILD=@PYTHON_FOR_BUILD@
+FREEZE_IMPORTLIB_FOR_BUILD=/usr/obj/cloudabi-ports/build/1/Programs/_freeze_importlib
 _PYTHON_HOST_PLATFORM=@_PYTHON_HOST_PLATFORM@
 BUILD_GNU_TYPE=        @build@
 HOST_GNU_TYPE= @host@
@@ -722,12 +723,16 @@ Python/importlib_external.h: $(srcdir)/Lib/importlib/_bootstrap_external.py Prog
 	if test "$(cross_compiling)" != "yes"; then \
 	    ./Programs/_freeze_importlib \
 	        $(srcdir)/Lib/importlib/_bootstrap_external.py Python/importlib_external.h; \
+	else \
+	    cp /usr/obj/cloudabi-ports/build/1/Python/importlib_external.h Python/importlib_external.h; \
 	fi
 
 Python/importlib.h: $(srcdir)/Lib/importlib/_bootstrap.py Programs/_freeze_importlib
 	if test "$(cross_compiling)" != "yes"; then \
 	    ./Programs/_freeze_importlib \
 	        $(srcdir)/Lib/importlib/_bootstrap.py Python/importlib.h; \
+	else \
+	    cp /usr/obj/cloudabi-ports/build/1/Python/importlib.h Python/importlib.h; \
 	fi
 
 
--- Python/importlib_external.h
+++ Python/importlib_external.h
@@ -1839,588 +1839,591 @@ const unsigned char _Py_M__importlib_external[] = {
     0,0,7,18,1,12,1,12,1,2,1,8,1,14,1,12,
     2,122,22,80,97,116,104,70,105,110,100,101,114,46,95,112,
     97,116,104,95,104,111,111,107,115,99,2,0,0,0,0,0,
-    0,0,3,0,0,0,19,0,0,0,67,0,0,0,115,102,
-    0,0,0,124,1,100,1,107,2,114,42,121,12,116,0,106,
-    1,131,0,125,1,87,0,110,20,4,0,116,2,107,10,114,
-    40,1,0,1,0,1,0,100,2,83,0,88,0,121,14,116,
-    3,106,4,124,1,25,0,125,2,87,0,110,40,4,0,116,
-    5,107,10,114,96,1,0,1,0,1,0,124,0,106,6,124,
-    1,131,1,125,2,124,2,116,3,106,4,124,1,60,0,89,
-    0,110,2,88,0,124,2,83,0,41,3,122,210,71,101,116,
-    32,116,104,101,32,102,105,110,100,101,114,32,102,111,114,32,
-    116,104,101,32,112,97,116,104,32,101,110,116,114,121,32,102,
-    114,111,109,32,115,121,115,46,112,97,116,104,95,105,109,112,
-    111,114,116,101,114,95,99,97,99,104,101,46,10,10,32,32,
-    32,32,32,32,32,32,73,102,32,116,104,101,32,112,97,116,
-    104,32,101,110,116,114,121,32,105,115,32,110,111,116,32,105,
-    110,32,116,104,101,32,99,97,99,104,101,44,32,102,105,110,
-    100,32,116,104,101,32,97,112,112,114,111,112,114,105,97,116,
-    101,32,102,105,110,100,101,114,10,32,32,32,32,32,32,32,
-    32,97,110,100,32,99,97,99,104,101,32,105,116,46,32,73,
-    102,32,110,111,32,102,105,110,100,101,114,32,105,115,32,97,
-    118,97,105,108,97,98,108,101,44,32,115,116,111,114,101,32,
-    78,111,110,101,46,10,10,32,32,32,32,32,32,32,32,114,
-    30,0,0,0,78,41,7,114,3,0,0,0,114,45,0,0,
-    0,218,17,70,105,108,101,78,111,116,70,111,117,110,100,69,
-    114,114,111,114,114,7,0,0,0,114,248,0,0,0,114,132,
-    0,0,0,114,252,0,0,0,41,3,114,165,0,0,0,114,
-    35,0,0,0,114,250,0,0,0,114,4,0,0,0,114,4,
-    0,0,0,114,5,0,0,0,218,20,95,112,97,116,104,95,
-    105,109,112,111,114,116,101,114,95,99,97,99,104,101,42,4,
-    0,0,115,22,0,0,0,0,8,8,1,2,1,12,1,14,
-    3,6,1,2,1,14,1,14,1,10,1,16,1,122,31,80,
-    97,116,104,70,105,110,100,101,114,46,95,112,97,116,104,95,
-    105,109,112,111,114,116,101,114,95,99,97,99,104,101,99,3,
-    0,0,0,0,0,0,0,6,0,0,0,3,0,0,0,67,
-    0,0,0,115,82,0,0,0,116,0,124,2,100,1,131,2,
-    114,26,124,2,106,1,124,1,131,1,92,2,125,3,125,4,
-    110,14,124,2,106,2,124,1,131,1,125,3,103,0,125,4,
-    124,3,100,0,107,9,114,60,116,3,106,4,124,1,124,3,
-    131,2,83,0,116,3,106,5,124,1,100,0,131,2,125,5,
-    124,4,124,5,95,6,124,5,83,0,41,2,78,114,118,0,
-    0,0,41,7,114,109,0,0,0,114,118,0,0,0,114,177,
-    0,0,0,114,115,0,0,0,114,174,0,0,0,114,155,0,
-    0,0,114,151,0,0,0,41,6,114,165,0,0,0,114,120,
-    0,0,0,114,250,0,0,0,114,121,0,0,0,114,122,0,
-    0,0,114,159,0,0,0,114,4,0,0,0,114,4,0,0,
-    0,114,5,0,0,0,218,16,95,108,101,103,97,99,121,95,
-    103,101,116,95,115,112,101,99,64,4,0,0,115,18,0,0,
-    0,0,4,10,1,16,2,10,1,4,1,8,1,12,1,12,
-    1,6,1,122,27,80,97,116,104,70,105,110,100,101,114,46,
-    95,108,101,103,97,99,121,95,103,101,116,95,115,112,101,99,
-    78,99,4,0,0,0,0,0,0,0,9,0,0,0,5,0,
-    0,0,67,0,0,0,115,170,0,0,0,103,0,125,4,120,
-    160,124,2,68,0,93,130,125,5,116,0,124,5,116,1,116,
-    2,102,2,131,2,115,30,113,10,124,0,106,3,124,5,131,
-    1,125,6,124,6,100,1,107,9,114,10,116,4,124,6,100,
-    2,131,2,114,72,124,6,106,5,124,1,124,3,131,2,125,
-    7,110,12,124,0,106,6,124,1,124,6,131,2,125,7,124,
-    7,100,1,107,8,114,94,113,10,124,7,106,7,100,1,107,
-    9,114,108,124,7,83,0,124,7,106,8,125,8,124,8,100,
-    1,107,8,114,130,116,9,100,3,131,1,130,1,124,4,106,
-    10,124,8,131,1,1,0,113,10,87,0,116,11,106,12,124,
-    1,100,1,131,2,125,7,124,4,124,7,95,8,124,7,83,
-    0,100,1,83,0,41,4,122,63,70,105,110,100,32,116,104,
-    101,32,108,111,97,100,101,114,32,111,114,32,110,97,109,101,
-    115,112,97,99,101,95,112,97,116,104,32,102,111,114,32,116,
-    104,105,115,32,109,111,100,117,108,101,47,112,97,99,107,97,
-    103,101,32,110,97,109,101,46,78,114,176,0,0,0,122,19,
-    115,112,101,99,32,109,105,115,115,105,110,103,32,108,111,97,
-    100,101,114,41,13,114,138,0,0,0,114,70,0,0,0,218,
-    5,98,121,116,101,115,114,254,0,0,0,114,109,0,0,0,
-    114,176,0,0,0,114,255,0,0,0,114,121,0,0,0,114,
-    151,0,0,0,114,100,0,0,0,114,144,0,0,0,114,115,
-    0,0,0,114,155,0,0,0,41,9,114,165,0,0,0,114,
-    120,0,0,0,114,35,0,0,0,114,175,0,0,0,218,14,
-    110,97,109,101,115,112,97,99,101,95,112,97,116,104,90,5,
-    101,110,116,114,121,114,250,0,0,0,114,159,0,0,0,114,
-    122,0,0,0,114,4,0,0,0,114,4,0,0,0,114,5,
-    0,0,0,218,9,95,103,101,116,95,115,112,101,99,79,4,
-    0,0,115,40,0,0,0,0,5,4,1,10,1,14,1,2,
-    1,10,1,8,1,10,1,14,2,12,1,8,1,2,1,10,
-    1,4,1,6,1,8,1,8,5,14,2,12,1,6,1,122,
-    20,80,97,116,104,70,105,110,100,101,114,46,95,103,101,116,
-    95,115,112,101,99,99,4,0,0,0,0,0,0,0,6,0,
-    0,0,4,0,0,0,67,0,0,0,115,104,0,0,0,124,
-    2,100,1,107,8,114,14,116,0,106,1,125,2,124,0,106,
-    2,124,1,124,2,124,3,131,3,125,4,124,4,100,1,107,
-    8,114,42,100,1,83,0,110,58,124,4,106,3,100,1,107,
-    8,114,96,124,4,106,4,125,5,124,5,114,90,100,2,124,
-    4,95,5,116,6,124,1,124,5,124,0,106,2,131,3,124,
-    4,95,4,124,4,83,0,113,100,100,1,83,0,110,4,124,
-    4,83,0,100,1,83,0,41,3,122,98,102,105,110,100,32,
-    116,104,101,32,109,111,100,117,108,101,32,111,110,32,115,121,
-    115,46,112,97,116,104,32,111,114,32,39,112,97,116,104,39,
-    32,98,97,115,101,100,32,111,110,32,115,121,115,46,112,97,
-    116,104,95,104,111,111,107,115,32,97,110,100,10,32,32,32,
-    32,32,32,32,32,115,121,115,46,112,97,116,104,95,105,109,
-    112,111,114,116,101,114,95,99,97,99,104,101,46,78,90,9,
-    110,97,109,101,115,112,97,99,101,41,7,114,7,0,0,0,
-    114,35,0,0,0,114,2,1,0,0,114,121,0,0,0,114,
-    151,0,0,0,114,153,0,0,0,114,225,0,0,0,41,6,
+    0,0,3,0,0,0,19,0,0,0,67,0,0,0,115,120,
+    0,0,0,124,1,100,1,107,2,114,60,121,12,116,0,106,
+    1,131,0,125,1,87,0,110,38,4,0,116,2,107,10,114,
+    40,1,0,1,0,1,0,100,2,83,0,4,0,116,3,107,
+    10,114,58,1,0,1,0,1,0,100,2,83,0,88,0,121,
+    14,116,4,106,5,124,1,25,0,125,2,87,0,110,40,4,
+    0,116,6,107,10,114,114,1,0,1,0,1,0,124,0,106,
+    7,124,1,131,1,125,2,124,2,116,4,106,5,124,1,60,
+    0,89,0,110,2,88,0,124,2,83,0,41,3,122,210,71,
+    101,116,32,116,104,101,32,102,105,110,100,101,114,32,102,111,
+    114,32,116,104,101,32,112,97,116,104,32,101,110,116,114,121,
+    32,102,114,111,109,32,115,121,115,46,112,97,116,104,95,105,
+    109,112,111,114,116,101,114,95,99,97,99,104,101,46,10,10,
+    32,32,32,32,32,32,32,32,73,102,32,116,104,101,32,112,
+    97,116,104,32,101,110,116,114,121,32,105,115,32,110,111,116,
+    32,105,110,32,116,104,101,32,99,97,99,104,101,44,32,102,
+    105,110,100,32,116,104,101,32,97,112,112,114,111,112,114,105,
+    97,116,101,32,102,105,110,100,101,114,10,32,32,32,32,32,
+    32,32,32,97,110,100,32,99,97,99,104,101,32,105,116,46,
+    32,73,102,32,110,111,32,102,105,110,100,101,114,32,105,115,
+    32,97,118,97,105,108,97,98,108,101,44,32,115,116,111,114,
+    101,32,78,111,110,101,46,10,10,32,32,32,32,32,32,32,
+    32,114,30,0,0,0,78,41,8,114,3,0,0,0,114,45,
+    0,0,0,218,17,70,105,108,101,78,111,116,70,111,117,110,
+    100,69,114,114,111,114,218,14,65,116,116,114,105,98,117,116,
+    101,69,114,114,111,114,114,7,0,0,0,114,248,0,0,0,
+    114,132,0,0,0,114,252,0,0,0,41,3,114,165,0,0,
+    0,114,35,0,0,0,114,250,0,0,0,114,4,0,0,0,
+    114,4,0,0,0,114,5,0,0,0,218,20,95,112,97,116,
+    104,95,105,109,112,111,114,116,101,114,95,99,97,99,104,101,
+    42,4,0,0,115,26,0,0,0,0,8,8,1,2,1,12,
+    1,14,3,4,1,14,2,6,1,2,1,14,1,14,1,10,
+    1,16,1,122,31,80,97,116,104,70,105,110,100,101,114,46,
+    95,112,97,116,104,95,105,109,112,111,114,116,101,114,95,99,
+    97,99,104,101,99,3,0,0,0,0,0,0,0,6,0,0,
+    0,3,0,0,0,67,0,0,0,115,82,0,0,0,116,0,
+    124,2,100,1,131,2,114,26,124,2,106,1,124,1,131,1,
+    92,2,125,3,125,4,110,14,124,2,106,2,124,1,131,1,
+    125,3,103,0,125,4,124,3,100,0,107,9,114,60,116,3,
+    106,4,124,1,124,3,131,2,83,0,116,3,106,5,124,1,
+    100,0,131,2,125,5,124,4,124,5,95,6,124,5,83,0,
+    41,2,78,114,118,0,0,0,41,7,114,109,0,0,0,114,
+    118,0,0,0,114,177,0,0,0,114,115,0,0,0,114,174,
+    0,0,0,114,155,0,0,0,114,151,0,0,0,41,6,114,
+    165,0,0,0,114,120,0,0,0,114,250,0,0,0,114,121,
+    0,0,0,114,122,0,0,0,114,159,0,0,0,114,4,0,
+    0,0,114,4,0,0,0,114,5,0,0,0,218,16,95,108,
+    101,103,97,99,121,95,103,101,116,95,115,112,101,99,67,4,
+    0,0,115,18,0,0,0,0,4,10,1,16,2,10,1,4,
+    1,8,1,12,1,12,1,6,1,122,27,80,97,116,104,70,
+    105,110,100,101,114,46,95,108,101,103,97,99,121,95,103,101,
+    116,95,115,112,101,99,78,99,4,0,0,0,0,0,0,0,
+    9,0,0,0,5,0,0,0,67,0,0,0,115,170,0,0,
+    0,103,0,125,4,120,160,124,2,68,0,93,130,125,5,116,
+    0,124,5,116,1,116,2,102,2,131,2,115,30,113,10,124,
+    0,106,3,124,5,131,1,125,6,124,6,100,1,107,9,114,
+    10,116,4,124,6,100,2,131,2,114,72,124,6,106,5,124,
+    1,124,3,131,2,125,7,110,12,124,0,106,6,124,1,124,
+    6,131,2,125,7,124,7,100,1,107,8,114,94,113,10,124,
+    7,106,7,100,1,107,9,114,108,124,7,83,0,124,7,106,
+    8,125,8,124,8,100,1,107,8,114,130,116,9,100,3,131,
+    1,130,1,124,4,106,10,124,8,131,1,1,0,113,10,87,
+    0,116,11,106,12,124,1,100,1,131,2,125,7,124,4,124,
+    7,95,8,124,7,83,0,100,1,83,0,41,4,122,63,70,
+    105,110,100,32,116,104,101,32,108,111,97,100,101,114,32,111,
+    114,32,110,97,109,101,115,112,97,99,101,95,112,97,116,104,
+    32,102,111,114,32,116,104,105,115,32,109,111,100,117,108,101,
+    47,112,97,99,107,97,103,101,32,110,97,109,101,46,78,114,
+    176,0,0,0,122,19,115,112,101,99,32,109,105,115,115,105,
+    110,103,32,108,111,97,100,101,114,41,13,114,138,0,0,0,
+    114,70,0,0,0,218,5,98,121,116,101,115,114,255,0,0,
+    0,114,109,0,0,0,114,176,0,0,0,114,0,1,0,0,
+    114,121,0,0,0,114,151,0,0,0,114,100,0,0,0,114,
+    144,0,0,0,114,115,0,0,0,114,155,0,0,0,41,9,
     114,165,0,0,0,114,120,0,0,0,114,35,0,0,0,114,
-    175,0,0,0,114,159,0,0,0,114,1,1,0,0,114,4,
-    0,0,0,114,4,0,0,0,114,5,0,0,0,114,176,0,
-    0,0,111,4,0,0,115,26,0,0,0,0,4,8,1,6,
-    1,14,1,8,1,6,1,10,1,6,1,4,3,6,1,16,
-    1,6,2,6,2,122,20,80,97,116,104,70,105,110,100,101,
-    114,46,102,105,110,100,95,115,112,101,99,99,3,0,0,0,
-    0,0,0,0,4,0,0,0,3,0,0,0,67,0,0,0,
-    115,30,0,0,0,124,0,106,0,124,1,124,2,131,2,125,
-    3,124,3,100,1,107,8,114,24,100,1,83,0,124,3,106,
-    1,83,0,41,2,122,170,102,105,110,100,32,116,104,101,32,
-    109,111,100,117,108,101,32,111,110,32,115,121,115,46,112,97,
-    116,104,32,111,114,32,39,112,97,116,104,39,32,98,97,115,
-    101,100,32,111,110,32,115,121,115,46,112,97,116,104,95,104,
-    111,111,107,115,32,97,110,100,10,32,32,32,32,32,32,32,
-    32,115,121,115,46,112,97,116,104,95,105,109,112,111,114,116,
-    101,114,95,99,97,99,104,101,46,10,10,32,32,32,32,32,
-    32,32,32,84,104,105,115,32,109,101,116,104,111,100,32,105,
-    115,32,100,101,112,114,101,99,97,116,101,100,46,32,32,85,
-    115,101,32,102,105,110,100,95,115,112,101,99,40,41,32,105,
-    110,115,116,101,97,100,46,10,10,32,32,32,32,32,32,32,
-    32,78,41,2,114,176,0,0,0,114,121,0,0,0,41,4,
-    114,165,0,0,0,114,120,0,0,0,114,35,0,0,0,114,
-    159,0,0,0,114,4,0,0,0,114,4,0,0,0,114,5,
-    0,0,0,114,177,0,0,0,133,4,0,0,115,8,0,0,
-    0,0,8,12,1,8,1,4,1,122,22,80,97,116,104,70,
-    105,110,100,101,114,46,102,105,110,100,95,109,111,100,117,108,
-    101,41,1,78,41,2,78,78,41,1,78,41,12,114,106,0,
-    0,0,114,105,0,0,0,114,107,0,0,0,114,108,0,0,
-    0,114,178,0,0,0,114,247,0,0,0,114,252,0,0,0,
-    114,254,0,0,0,114,255,0,0,0,114,2,1,0,0,114,
-    176,0,0,0,114,177,0,0,0,114,4,0,0,0,114,4,
-    0,0,0,114,4,0,0,0,114,5,0,0,0,114,246,0,
-    0,0,13,4,0,0,115,22,0,0,0,8,2,4,2,12,
-    8,12,17,12,22,12,15,2,1,12,31,2,1,12,21,2,
-    1,114,246,0,0,0,99,0,0,0,0,0,0,0,0,0,
-    0,0,0,3,0,0,0,64,0,0,0,115,90,0,0,0,
-    101,0,90,1,100,0,90,2,100,1,90,3,100,2,100,3,
-    132,0,90,4,100,4,100,5,132,0,90,5,101,6,90,7,
-    100,6,100,7,132,0,90,8,100,8,100,9,132,0,90,9,
-    100,19,100,11,100,12,132,1,90,10,100,13,100,14,132,0,
-    90,11,101,12,100,15,100,16,132,0,131,1,90,13,100,17,
-    100,18,132,0,90,14,100,10,83,0,41,20,218,10,70,105,
-    108,101,70,105,110,100,101,114,122,172,70,105,108,101,45,98,
-    97,115,101,100,32,102,105,110,100,101,114,46,10,10,32,32,
-    32,32,73,110,116,101,114,97,99,116,105,111,110,115,32,119,
-    105,116,104,32,116,104,101,32,102,105,108,101,32,115,121,115,
-    116,101,109,32,97,114,101,32,99,97,99,104,101,100,32,102,
-    111,114,32,112,101,114,102,111,114,109,97,110,99,101,44,32,
-    98,101,105,110,103,10,32,32,32,32,114,101,102,114,101,115,
-    104,101,100,32,119,104,101,110,32,116,104,101,32,100,105,114,
-    101,99,116,111,114,121,32,116,104,101,32,102,105,110,100,101,
-    114,32,105,115,32,104,97,110,100,108,105,110,103,32,104,97,
-    115,32,98,101,101,110,32,109,111,100,105,102,105,101,100,46,
-    10,10,32,32,32,32,99,2,0,0,0,0,0,0,0,5,
-    0,0,0,5,0,0,0,7,0,0,0,115,88,0,0,0,
-    103,0,125,3,120,40,124,2,68,0,93,32,92,2,137,0,
-    125,4,124,3,106,0,135,0,102,1,100,1,100,2,132,8,
-    124,4,68,0,131,1,131,1,1,0,113,10,87,0,124,3,
-    124,0,95,1,124,1,112,58,100,3,124,0,95,2,100,6,
-    124,0,95,3,116,4,131,0,124,0,95,5,116,4,131,0,
-    124,0,95,6,100,5,83,0,41,7,122,154,73,110,105,116,
-    105,97,108,105,122,101,32,119,105,116,104,32,116,104,101,32,
-    112,97,116,104,32,116,111,32,115,101,97,114,99,104,32,111,
-    110,32,97,110,100,32,97,32,118,97,114,105,97,98,108,101,
-    32,110,117,109,98,101,114,32,111,102,10,32,32,32,32,32,
-    32,32,32,50,45,116,117,112,108,101,115,32,99,111,110,116,
-    97,105,110,105,110,103,32,116,104,101,32,108,111,97,100,101,
-    114,32,97,110,100,32,116,104,101,32,102,105,108,101,32,115,
-    117,102,102,105,120,101,115,32,116,104,101,32,108,111,97,100,
-    101,114,10,32,32,32,32,32,32,32,32,114,101,99,111,103,
-    110,105,122,101,115,46,99,1,0,0,0,0,0,0,0,2,
-    0,0,0,3,0,0,0,51,0,0,0,115,22,0,0,0,
-    124,0,93,14,125,1,124,1,136,0,102,2,86,0,1,0,
-    113,2,100,0,83,0,41,1,78,114,4,0,0,0,41,2,
-    114,22,0,0,0,114,220,0,0,0,41,1,114,121,0,0,
-    0,114,4,0,0,0,114,5,0,0,0,114,222,0,0,0,
-    162,4,0,0,115,2,0,0,0,4,0,122,38,70,105,108,
-    101,70,105,110,100,101,114,46,95,95,105,110,105,116,95,95,
-    46,60,108,111,99,97,108,115,62,46,60,103,101,110,101,120,
-    112,114,62,114,59,0,0,0,114,29,0,0,0,78,114,88,
-    0,0,0,41,7,114,144,0,0,0,218,8,95,108,111,97,
-    100,101,114,115,114,35,0,0,0,218,11,95,112,97,116,104,
-    95,109,116,105,109,101,218,3,115,101,116,218,11,95,112,97,
-    116,104,95,99,97,99,104,101,218,19,95,114,101,108,97,120,
-    101,100,95,112,97,116,104,95,99,97,99,104,101,41,5,114,
-    101,0,0,0,114,35,0,0,0,218,14,108,111,97,100,101,
-    114,95,100,101,116,97,105,108,115,90,7,108,111,97,100,101,
-    114,115,114,161,0,0,0,114,4,0,0,0,41,1,114,121,
-    0,0,0,114,5,0,0,0,114,180,0,0,0,156,4,0,
-    0,115,16,0,0,0,0,4,4,1,14,1,28,1,6,2,
-    10,1,6,1,8,1,122,19,70,105,108,101,70,105,110,100,
-    101,114,46,95,95,105,110,105,116,95,95,99,1,0,0,0,
-    0,0,0,0,1,0,0,0,2,0,0,0,67,0,0,0,
-    115,10,0,0,0,100,3,124,0,95,0,100,2,83,0,41,
-    4,122,31,73,110,118,97,108,105,100,97,116,101,32,116,104,
-    101,32,100,105,114,101,99,116,111,114,121,32,109,116,105,109,
-    101,46,114,29,0,0,0,78,114,88,0,0,0,41,1,114,
-    5,1,0,0,41,1,114,101,0,0,0,114,4,0,0,0,
-    114,4,0,0,0,114,5,0,0,0,114,247,0,0,0,170,
-    4,0,0,115,2,0,0,0,0,2,122,28,70,105,108,101,
-    70,105,110,100,101,114,46,105,110,118,97,108,105,100,97,116,
-    101,95,99,97,99,104,101,115,99,2,0,0,0,0,0,0,
-    0,3,0,0,0,2,0,0,0,67,0,0,0,115,42,0,
-    0,0,124,0,106,0,124,1,131,1,125,2,124,2,100,1,
-    107,8,114,26,100,1,103,0,102,2,83,0,124,2,106,1,
-    124,2,106,2,112,38,103,0,102,2,83,0,41,2,122,197,
-    84,114,121,32,116,111,32,102,105,110,100,32,97,32,108,111,
-    97,100,101,114,32,102,111,114,32,116,104,101,32,115,112,101,
-    99,105,102,105,101,100,32,109,111,100,117,108,101,44,32,111,
-    114,32,116,104,101,32,110,97,109,101,115,112,97,99,101,10,
-    32,32,32,32,32,32,32,32,112,97,99,107,97,103,101,32,
-    112,111,114,116,105,111,110,115,46,32,82,101,116,117,114,110,
-    115,32,40,108,111,97,100,101,114,44,32,108,105,115,116,45,
-    111,102,45,112,111,114,116,105,111,110,115,41,46,10,10,32,
-    32,32,32,32,32,32,32,84,104,105,115,32,109,101,116,104,
-    111,100,32,105,115,32,100,101,112,114,101,99,97,116,101,100,
-    46,32,32,85,115,101,32,102,105,110,100,95,115,112,101,99,
-    40,41,32,105,110,115,116,101,97,100,46,10,10,32,32,32,
-    32,32,32,32,32,78,41,3,114,176,0,0,0,114,121,0,
-    0,0,114,151,0,0,0,41,3,114,101,0,0,0,114,120,
-    0,0,0,114,159,0,0,0,114,4,0,0,0,114,4,0,
-    0,0,114,5,0,0,0,114,118,0,0,0,176,4,0,0,
-    115,8,0,0,0,0,7,10,1,8,1,8,1,122,22,70,
-    105,108,101,70,105,110,100,101,114,46,102,105,110,100,95,108,
-    111,97,100,101,114,99,6,0,0,0,0,0,0,0,7,0,
-    0,0,7,0,0,0,67,0,0,0,115,30,0,0,0,124,
-    1,124,2,124,3,131,2,125,6,116,0,124,2,124,3,100,
-    1,124,6,100,2,124,4,144,2,131,2,83,0,41,3,78,
-    114,121,0,0,0,114,151,0,0,0,41,1,114,162,0,0,
-    0,41,7,114,101,0,0,0,114,160,0,0,0,114,120,0,
-    0,0,114,35,0,0,0,90,4,115,109,115,108,114,175,0,
-    0,0,114,121,0,0,0,114,4,0,0,0,114,4,0,0,
-    0,114,5,0,0,0,114,2,1,0,0,188,4,0,0,115,
-    6,0,0,0,0,1,10,1,12,1,122,20,70,105,108,101,
-    70,105,110,100,101,114,46,95,103,101,116,95,115,112,101,99,
-    78,99,3,0,0,0,0,0,0,0,14,0,0,0,15,0,
-    0,0,67,0,0,0,115,100,1,0,0,100,1,125,3,124,
-    1,106,0,100,2,131,1,100,3,25,0,125,4,121,24,116,
-    1,124,0,106,2,112,34,116,3,106,4,131,0,131,1,106,
-    5,125,5,87,0,110,24,4,0,116,6,107,10,114,66,1,
-    0,1,0,1,0,100,10,125,5,89,0,110,2,88,0,124,
-    5,124,0,106,7,107,3,114,92,124,0,106,8,131,0,1,
-    0,124,5,124,0,95,7,116,9,131,0,114,114,124,0,106,
-    10,125,6,124,4,106,11,131,0,125,7,110,10,124,0,106,
-    12,125,6,124,4,125,7,124,7,124,6,107,6,114,218,116,
-    13,124,0,106,2,124,4,131,2,125,8,120,72,124,0,106,
-    14,68,0,93,54,92,2,125,9,125,10,100,5,124,9,23,
-    0,125,11,116,13,124,8,124,11,131,2,125,12,116,15,124,
-    12,131,1,114,152,124,0,106,16,124,10,124,1,124,12,124,
-    8,103,1,124,2,131,5,83,0,113,152,87,0,116,17,124,
-    8,131,1,125,3,120,90,124,0,106,14,68,0,93,80,92,
-    2,125,9,125,10,116,13,124,0,106,2,124,4,124,9,23,
-    0,131,2,125,12,116,18,106,19,100,6,124,12,100,7,100,
-    3,144,1,131,2,1,0,124,7,124,9,23,0,124,6,107,
-    6,114,226,116,15,124,12,131,1,114,226,124,0,106,16,124,
-    10,124,1,124,12,100,8,124,2,131,5,83,0,113,226,87,
-    0,124,3,144,1,114,96,116,18,106,19,100,9,124,8,131,
-    2,1,0,116,18,106,20,124,1,100,8,131,2,125,13,124,
-    8,103,1,124,13,95,21,124,13,83,0,100,8,83,0,41,
-    11,122,102,84,114,121,32,116,111,32,102,105,110,100,32,97,
-    32,115,112,101,99,32,102,111,114,32,116,104,101,32,115,112,
-    101,99,105,102,105,101,100,32,109,111,100,117,108,101,46,32,
-    32,82,101,116,117,114,110,115,32,116,104,101,10,32,32,32,
-    32,32,32,32,32,109,97,116,99,104,105,110,103,32,115,112,
-    101,99,44,32,111,114,32,78,111,110,101,32,105,102,32,110,
-    111,116,32,102,111,117,110,100,46,70,114,59,0,0,0,114,
-    57,0,0,0,114,29,0,0,0,114,180,0,0,0,122,9,
-    116,114,121,105,110,103,32,123,125,90,9,118,101,114,98,111,
-    115,105,116,121,78,122,25,112,111,115,115,105,98,108,101,32,
-    110,97,109,101,115,112,97,99,101,32,102,111,114,32,123,125,
-    114,88,0,0,0,41,22,114,32,0,0,0,114,39,0,0,
-    0,114,35,0,0,0,114,3,0,0,0,114,45,0,0,0,
-    114,214,0,0,0,114,40,0,0,0,114,5,1,0,0,218,
-    11,95,102,105,108,108,95,99,97,99,104,101,114,6,0,0,
-    0,114,8,1,0,0,114,89,0,0,0,114,7,1,0,0,
-    114,28,0,0,0,114,4,1,0,0,114,44,0,0,0,114,
-    2,1,0,0,114,46,0,0,0,114,115,0,0,0,114,130,
-    0,0,0,114,155,0,0,0,114,151,0,0,0,41,14,114,
-    101,0,0,0,114,120,0,0,0,114,175,0,0,0,90,12,
-    105,115,95,110,97,109,101,115,112,97,99,101,90,11,116,97,
-    105,108,95,109,111,100,117,108,101,114,127,0,0,0,90,5,
-    99,97,99,104,101,90,12,99,97,99,104,101,95,109,111,100,
-    117,108,101,90,9,98,97,115,101,95,112,97,116,104,114,220,
-    0,0,0,114,160,0,0,0,90,13,105,110,105,116,95,102,
-    105,108,101,110,97,109,101,90,9,102,117,108,108,95,112,97,
-    116,104,114,159,0,0,0,114,4,0,0,0,114,4,0,0,
-    0,114,5,0,0,0,114,176,0,0,0,193,4,0,0,115,
-    70,0,0,0,0,3,4,1,14,1,2,1,24,1,14,1,
-    10,1,10,1,8,1,6,2,6,1,6,1,10,2,6,1,
-    4,2,8,1,12,1,16,1,8,1,10,1,8,1,24,4,
-    8,2,16,1,16,1,18,1,12,1,8,1,10,1,12,1,
-    6,1,12,1,12,1,8,1,4,1,122,20,70,105,108,101,
-    70,105,110,100,101,114,46,102,105,110,100,95,115,112,101,99,
-    99,1,0,0,0,0,0,0,0,9,0,0,0,13,0,0,
-    0,67,0,0,0,115,194,0,0,0,124,0,106,0,125,1,
-    121,22,116,1,106,2,124,1,112,22,116,1,106,3,131,0,
-    131,1,125,2,87,0,110,30,4,0,116,4,116,5,116,6,
-    102,3,107,10,114,58,1,0,1,0,1,0,103,0,125,2,
-    89,0,110,2,88,0,116,7,106,8,106,9,100,1,131,1,
-    115,84,116,10,124,2,131,1,124,0,95,11,110,78,116,10,
-    131,0,125,3,120,64,124,2,68,0,93,56,125,4,124,4,
-    106,12,100,2,131,1,92,3,125,5,125,6,125,7,124,6,
-    114,138,100,3,106,13,124,5,124,7,106,14,131,0,131,2,
-    125,8,110,4,124,5,125,8,124,3,106,15,124,8,131,1,
-    1,0,113,96,87,0,124,3,124,0,95,11,116,7,106,8,
-    106,9,116,16,131,1,114,190,100,4,100,5,132,0,124,2,
-    68,0,131,1,124,0,95,17,100,6,83,0,41,7,122,68,
-    70,105,108,108,32,116,104,101,32,99,97,99,104,101,32,111,
-    102,32,112,111,116,101,110,116,105,97,108,32,109,111,100,117,
-    108,101,115,32,97,110,100,32,112,97,99,107,97,103,101,115,
-    32,102,111,114,32,116,104,105,115,32,100,105,114,101,99,116,
-    111,114,121,46,114,0,0,0,0,114,59,0,0,0,122,5,
-    123,125,46,123,125,99,1,0,0,0,0,0,0,0,2,0,
-    0,0,3,0,0,0,83,0,0,0,115,20,0,0,0,104,
-    0,124,0,93,12,125,1,124,1,106,0,131,0,146,2,113,
-    4,83,0,114,4,0,0,0,41,1,114,89,0,0,0,41,
-    2,114,22,0,0,0,90,2,102,110,114,4,0,0,0,114,
-    4,0,0,0,114,5,0,0,0,250,9,60,115,101,116,99,
-    111,109,112,62,12,5,0,0,115,2,0,0,0,6,0,122,
-    41,70,105,108,101,70,105,110,100,101,114,46,95,102,105,108,
-    108,95,99,97,99,104,101,46,60,108,111,99,97,108,115,62,
-    46,60,115,101,116,99,111,109,112,62,78,41,18,114,35,0,
-    0,0,114,3,0,0,0,90,7,108,105,115,116,100,105,114,
-    114,45,0,0,0,114,253,0,0,0,218,15,80,101,114,109,
-    105,115,115,105,111,110,69,114,114,111,114,218,18,78,111,116,
-    65,68,105,114,101,99,116,111,114,121,69,114,114,111,114,114,
-    7,0,0,0,114,8,0,0,0,114,9,0,0,0,114,6,
-    1,0,0,114,7,1,0,0,114,84,0,0,0,114,48,0,
-    0,0,114,89,0,0,0,218,3,97,100,100,114,10,0,0,
-    0,114,8,1,0,0,41,9,114,101,0,0,0,114,35,0,
-    0,0,90,8,99,111,110,116,101,110,116,115,90,21,108,111,
-    119,101,114,95,115,117,102,102,105,120,95,99,111,110,116,101,
-    110,116,115,114,242,0,0,0,114,99,0,0,0,114,232,0,
-    0,0,114,220,0,0,0,90,8,110,101,119,95,110,97,109,
-    101,114,4,0,0,0,114,4,0,0,0,114,5,0,0,0,
-    114,10,1,0,0,239,4,0,0,115,34,0,0,0,0,2,
-    6,1,2,1,22,1,20,3,10,3,12,1,12,7,6,1,
-    10,1,16,1,4,1,18,2,4,1,14,1,6,1,12,1,
-    122,22,70,105,108,101,70,105,110,100,101,114,46,95,102,105,
-    108,108,95,99,97,99,104,101,99,1,0,0,0,0,0,0,
-    0,3,0,0,0,3,0,0,0,7,0,0,0,115,18,0,
-    0,0,135,0,135,1,102,2,100,1,100,2,132,8,125,2,
-    124,2,83,0,41,3,97,20,1,0,0,65,32,99,108,97,
-    115,115,32,109,101,116,104,111,100,32,119,104,105,99,104,32,
-    114,101,116,117,114,110,115,32,97,32,99,108,111,115,117,114,
-    101,32,116,111,32,117,115,101,32,111,110,32,115,121,115,46,
-    112,97,116,104,95,104,111,111,107,10,32,32,32,32,32,32,
-    32,32,119,104,105,99,104,32,119,105,108,108,32,114,101,116,
-    117,114,110,32,97,110,32,105,110,115,116,97,110,99,101,32,
-    117,115,105,110,103,32,116,104,101,32,115,112,101,99,105,102,
-    105,101,100,32,108,111,97,100,101,114,115,32,97,110,100,32,
-    116,104,101,32,112,97,116,104,10,32,32,32,32,32,32,32,
-    32,99,97,108,108,101,100,32,111,110,32,116,104,101,32,99,
-    108,111,115,117,114,101,46,10,10,32,32,32,32,32,32,32,
-    32,73,102,32,116,104,101,32,112,97,116,104,32,99,97,108,
-    108,101,100,32,111,110,32,116,104,101,32,99,108,111,115,117,
-    114,101,32,105,115,32,110,111,116,32,97,32,100,105,114,101,
-    99,116,111,114,121,44,32,73,109,112,111,114,116,69,114,114,
-    111,114,32,105,115,10,32,32,32,32,32,32,32,32,114,97,
-    105,115,101,100,46,10,10,32,32,32,32,32,32,32,32,99,
-    1,0,0,0,0,0,0,0,1,0,0,0,4,0,0,0,
-    19,0,0,0,115,32,0,0,0,116,0,124,0,131,1,115,
-    22,116,1,100,1,100,2,124,0,144,1,131,1,130,1,136,
-    0,124,0,136,1,140,1,83,0,41,3,122,45,80,97,116,
-    104,32,104,111,111,107,32,102,111,114,32,105,109,112,111,114,
-    116,108,105,98,46,109,97,99,104,105,110,101,114,121,46,70,
-    105,108,101,70,105,110,100,101,114,46,122,30,111,110,108,121,
-    32,100,105,114,101,99,116,111,114,105,101,115,32,97,114,101,
-    32,115,117,112,112,111,114,116,101,100,114,35,0,0,0,41,
-    2,114,46,0,0,0,114,100,0,0,0,41,1,114,35,0,
-    0,0,41,2,114,165,0,0,0,114,9,1,0,0,114,4,
-    0,0,0,114,5,0,0,0,218,24,112,97,116,104,95,104,
-    111,111,107,95,102,111,114,95,70,105,108,101,70,105,110,100,
-    101,114,24,5,0,0,115,6,0,0,0,0,2,8,1,14,
-    1,122,54,70,105,108,101,70,105,110,100,101,114,46,112,97,
-    116,104,95,104,111,111,107,46,60,108,111,99,97,108,115,62,
-    46,112,97,116,104,95,104,111,111,107,95,102,111,114,95,70,
-    105,108,101,70,105,110,100,101,114,114,4,0,0,0,41,3,
-    114,165,0,0,0,114,9,1,0,0,114,15,1,0,0,114,
-    4,0,0,0,41,2,114,165,0,0,0,114,9,1,0,0,
-    114,5,0,0,0,218,9,112,97,116,104,95,104,111,111,107,
-    14,5,0,0,115,4,0,0,0,0,10,14,6,122,20,70,
-    105,108,101,70,105,110,100,101,114,46,112,97,116,104,95,104,
-    111,111,107,99,1,0,0,0,0,0,0,0,1,0,0,0,
-    2,0,0,0,67,0,0,0,115,12,0,0,0,100,1,106,
-    0,124,0,106,1,131,1,83,0,41,2,78,122,16,70,105,
-    108,101,70,105,110,100,101,114,40,123,33,114,125,41,41,2,
-    114,48,0,0,0,114,35,0,0,0,41,1,114,101,0,0,
+    175,0,0,0,218,14,110,97,109,101,115,112,97,99,101,95,
+    112,97,116,104,90,5,101,110,116,114,121,114,250,0,0,0,
+    114,159,0,0,0,114,122,0,0,0,114,4,0,0,0,114,
+    4,0,0,0,114,5,0,0,0,218,9,95,103,101,116,95,
+    115,112,101,99,82,4,0,0,115,40,0,0,0,0,5,4,
+    1,10,1,14,1,2,1,10,1,8,1,10,1,14,2,12,
+    1,8,1,2,1,10,1,4,1,6,1,8,1,8,5,14,
+    2,12,1,6,1,122,20,80,97,116,104,70,105,110,100,101,
+    114,46,95,103,101,116,95,115,112,101,99,99,4,0,0,0,
+    0,0,0,0,6,0,0,0,4,0,0,0,67,0,0,0,
+    115,104,0,0,0,124,2,100,1,107,8,114,14,116,0,106,
+    1,125,2,124,0,106,2,124,1,124,2,124,3,131,3,125,
+    4,124,4,100,1,107,8,114,42,100,1,83,0,110,58,124,
+    4,106,3,100,1,107,8,114,96,124,4,106,4,125,5,124,
+    5,114,90,100,2,124,4,95,5,116,6,124,1,124,5,124,
+    0,106,2,131,3,124,4,95,4,124,4,83,0,113,100,100,
+    1,83,0,110,4,124,4,83,0,100,1,83,0,41,3,122,
+    98,102,105,110,100,32,116,104,101,32,109,111,100,117,108,101,
+    32,111,110,32,115,121,115,46,112,97,116,104,32,111,114,32,
+    39,112,97,116,104,39,32,98,97,115,101,100,32,111,110,32,
+    115,121,115,46,112,97,116,104,95,104,111,111,107,115,32,97,
+    110,100,10,32,32,32,32,32,32,32,32,115,121,115,46,112,
+    97,116,104,95,105,109,112,111,114,116,101,114,95,99,97,99,
+    104,101,46,78,90,9,110,97,109,101,115,112,97,99,101,41,
+    7,114,7,0,0,0,114,35,0,0,0,114,3,1,0,0,
+    114,121,0,0,0,114,151,0,0,0,114,153,0,0,0,114,
+    225,0,0,0,41,6,114,165,0,0,0,114,120,0,0,0,
+    114,35,0,0,0,114,175,0,0,0,114,159,0,0,0,114,
+    2,1,0,0,114,4,0,0,0,114,4,0,0,0,114,5,
+    0,0,0,114,176,0,0,0,114,4,0,0,115,26,0,0,
+    0,0,4,8,1,6,1,14,1,8,1,6,1,10,1,6,
+    1,4,3,6,1,16,1,6,2,6,2,122,20,80,97,116,
+    104,70,105,110,100,101,114,46,102,105,110,100,95,115,112,101,
+    99,99,3,0,0,0,0,0,0,0,4,0,0,0,3,0,
+    0,0,67,0,0,0,115,30,0,0,0,124,0,106,0,124,
+    1,124,2,131,2,125,3,124,3,100,1,107,8,114,24,100,
+    1,83,0,124,3,106,1,83,0,41,2,122,170,102,105,110,
+    100,32,116,104,101,32,109,111,100,117,108,101,32,111,110,32,
+    115,121,115,46,112,97,116,104,32,111,114,32,39,112,97,116,
+    104,39,32,98,97,115,101,100,32,111,110,32,115,121,115,46,
+    112,97,116,104,95,104,111,111,107,115,32,97,110,100,10,32,
+    32,32,32,32,32,32,32,115,121,115,46,112,97,116,104,95,
+    105,109,112,111,114,116,101,114,95,99,97,99,104,101,46,10,
+    10,32,32,32,32,32,32,32,32,84,104,105,115,32,109,101,
+    116,104,111,100,32,105,115,32,100,101,112,114,101,99,97,116,
+    101,100,46,32,32,85,115,101,32,102,105,110,100,95,115,112,
+    101,99,40,41,32,105,110,115,116,101,97,100,46,10,10,32,
+    32,32,32,32,32,32,32,78,41,2,114,176,0,0,0,114,
+    121,0,0,0,41,4,114,165,0,0,0,114,120,0,0,0,
+    114,35,0,0,0,114,159,0,0,0,114,4,0,0,0,114,
+    4,0,0,0,114,5,0,0,0,114,177,0,0,0,136,4,
+    0,0,115,8,0,0,0,0,8,12,1,8,1,4,1,122,
+    22,80,97,116,104,70,105,110,100,101,114,46,102,105,110,100,
+    95,109,111,100,117,108,101,41,1,78,41,2,78,78,41,1,
+    78,41,12,114,106,0,0,0,114,105,0,0,0,114,107,0,
+    0,0,114,108,0,0,0,114,178,0,0,0,114,247,0,0,
+    0,114,252,0,0,0,114,255,0,0,0,114,0,1,0,0,
+    114,3,1,0,0,114,176,0,0,0,114,177,0,0,0,114,
+    4,0,0,0,114,4,0,0,0,114,4,0,0,0,114,5,
+    0,0,0,114,246,0,0,0,13,4,0,0,115,22,0,0,
+    0,8,2,4,2,12,8,12,17,12,25,12,15,2,1,12,
+    31,2,1,12,21,2,1,114,246,0,0,0,99,0,0,0,
+    0,0,0,0,0,0,0,0,0,3,0,0,0,64,0,0,
+    0,115,90,0,0,0,101,0,90,1,100,0,90,2,100,1,
+    90,3,100,2,100,3,132,0,90,4,100,4,100,5,132,0,
+    90,5,101,6,90,7,100,6,100,7,132,0,90,8,100,8,
+    100,9,132,0,90,9,100,19,100,11,100,12,132,1,90,10,
+    100,13,100,14,132,0,90,11,101,12,100,15,100,16,132,0,
+    131,1,90,13,100,17,100,18,132,0,90,14,100,10,83,0,
+    41,20,218,10,70,105,108,101,70,105,110,100,101,114,122,172,
+    70,105,108,101,45,98,97,115,101,100,32,102,105,110,100,101,
+    114,46,10,10,32,32,32,32,73,110,116,101,114,97,99,116,
+    105,111,110,115,32,119,105,116,104,32,116,104,101,32,102,105,
+    108,101,32,115,121,115,116,101,109,32,97,114,101,32,99,97,
+    99,104,101,100,32,102,111,114,32,112,101,114,102,111,114,109,
+    97,110,99,101,44,32,98,101,105,110,103,10,32,32,32,32,
+    114,101,102,114,101,115,104,101,100,32,119,104,101,110,32,116,
+    104,101,32,100,105,114,101,99,116,111,114,121,32,116,104,101,
+    32,102,105,110,100,101,114,32,105,115,32,104,97,110,100,108,
+    105,110,103,32,104,97,115,32,98,101,101,110,32,109,111,100,
+    105,102,105,101,100,46,10,10,32,32,32,32,99,2,0,0,
+    0,0,0,0,0,5,0,0,0,5,0,0,0,7,0,0,
+    0,115,88,0,0,0,103,0,125,3,120,40,124,2,68,0,
+    93,32,92,2,137,0,125,4,124,3,106,0,135,0,102,1,
+    100,1,100,2,132,8,124,4,68,0,131,1,131,1,1,0,
+    113,10,87,0,124,3,124,0,95,1,124,1,112,58,100,3,
+    124,0,95,2,100,6,124,0,95,3,116,4,131,0,124,0,
+    95,5,116,4,131,0,124,0,95,6,100,5,83,0,41,7,
+    122,154,73,110,105,116,105,97,108,105,122,101,32,119,105,116,
+    104,32,116,104,101,32,112,97,116,104,32,116,111,32,115,101,
+    97,114,99,104,32,111,110,32,97,110,100,32,97,32,118,97,
+    114,105,97,98,108,101,32,110,117,109,98,101,114,32,111,102,
+    10,32,32,32,32,32,32,32,32,50,45,116,117,112,108,101,
+    115,32,99,111,110,116,97,105,110,105,110,103,32,116,104,101,
+    32,108,111,97,100,101,114,32,97,110,100,32,116,104,101,32,
+    102,105,108,101,32,115,117,102,102,105,120,101,115,32,116,104,
+    101,32,108,111,97,100,101,114,10,32,32,32,32,32,32,32,
+    32,114,101,99,111,103,110,105,122,101,115,46,99,1,0,0,
+    0,0,0,0,0,2,0,0,0,3,0,0,0,51,0,0,
+    0,115,22,0,0,0,124,0,93,14,125,1,124,1,136,0,
+    102,2,86,0,1,0,113,2,100,0,83,0,41,1,78,114,
+    4,0,0,0,41,2,114,22,0,0,0,114,220,0,0,0,
+    41,1,114,121,0,0,0,114,4,0,0,0,114,5,0,0,
+    0,114,222,0,0,0,165,4,0,0,115,2,0,0,0,4,
+    0,122,38,70,105,108,101,70,105,110,100,101,114,46,95,95,
+    105,110,105,116,95,95,46,60,108,111,99,97,108,115,62,46,
+    60,103,101,110,101,120,112,114,62,114,59,0,0,0,114,29,
+    0,0,0,78,114,88,0,0,0,41,7,114,144,0,0,0,
+    218,8,95,108,111,97,100,101,114,115,114,35,0,0,0,218,
+    11,95,112,97,116,104,95,109,116,105,109,101,218,3,115,101,
+    116,218,11,95,112,97,116,104,95,99,97,99,104,101,218,19,
+    95,114,101,108,97,120,101,100,95,112,97,116,104,95,99,97,
+    99,104,101,41,5,114,101,0,0,0,114,35,0,0,0,218,
+    14,108,111,97,100,101,114,95,100,101,116,97,105,108,115,90,
+    7,108,111,97,100,101,114,115,114,161,0,0,0,114,4,0,
+    0,0,41,1,114,121,0,0,0,114,5,0,0,0,114,180,
+    0,0,0,159,4,0,0,115,16,0,0,0,0,4,4,1,
+    14,1,28,1,6,2,10,1,6,1,8,1,122,19,70,105,
+    108,101,70,105,110,100,101,114,46,95,95,105,110,105,116,95,
+    95,99,1,0,0,0,0,0,0,0,1,0,0,0,2,0,
+    0,0,67,0,0,0,115,10,0,0,0,100,3,124,0,95,
+    0,100,2,83,0,41,4,122,31,73,110,118,97,108,105,100,
+    97,116,101,32,116,104,101,32,100,105,114,101,99,116,111,114,
+    121,32,109,116,105,109,101,46,114,29,0,0,0,78,114,88,
+    0,0,0,41,1,114,6,1,0,0,41,1,114,101,0,0,
     0,114,4,0,0,0,114,4,0,0,0,114,5,0,0,0,
-    114,241,0,0,0,32,5,0,0,115,2,0,0,0,0,1,
-    122,19,70,105,108,101,70,105,110,100,101,114,46,95,95,114,
-    101,112,114,95,95,41,1,78,41,15,114,106,0,0,0,114,
-    105,0,0,0,114,107,0,0,0,114,108,0,0,0,114,180,
-    0,0,0,114,247,0,0,0,114,124,0,0,0,114,177,0,
-    0,0,114,118,0,0,0,114,2,1,0,0,114,176,0,0,
-    0,114,10,1,0,0,114,178,0,0,0,114,16,1,0,0,
-    114,241,0,0,0,114,4,0,0,0,114,4,0,0,0,114,
-    4,0,0,0,114,5,0,0,0,114,3,1,0,0,147,4,
-    0,0,115,20,0,0,0,8,7,4,2,8,14,8,4,4,
-    2,8,12,8,5,10,46,8,31,12,18,114,3,1,0,0,
-    99,4,0,0,0,0,0,0,0,6,0,0,0,11,0,0,
-    0,67,0,0,0,115,148,0,0,0,124,0,106,0,100,1,
-    131,1,125,4,124,0,106,0,100,2,131,1,125,5,124,4,
-    115,66,124,5,114,36,124,5,106,1,125,4,110,30,124,2,
-    124,3,107,2,114,56,116,2,124,1,124,2,131,2,125,4,
-    110,10,116,3,124,1,124,2,131,2,125,4,124,5,115,86,
-    116,4,124,1,124,2,100,3,124,4,144,1,131,2,125,5,
-    121,36,124,5,124,0,100,2,60,0,124,4,124,0,100,1,
-    60,0,124,2,124,0,100,4,60,0,124,3,124,0,100,5,
-    60,0,87,0,110,20,4,0,116,5,107,10,114,142,1,0,
-    1,0,1,0,89,0,110,2,88,0,100,0,83,0,41,6,
-    78,218,10,95,95,108,111,97,100,101,114,95,95,218,8,95,
-    95,115,112,101,99,95,95,114,121,0,0,0,90,8,95,95,
-    102,105,108,101,95,95,90,10,95,95,99,97,99,104,101,100,
-    95,95,41,6,218,3,103,101,116,114,121,0,0,0,114,218,
-    0,0,0,114,213,0,0,0,114,162,0,0,0,218,9,69,
-    120,99,101,112,116,105,111,110,41,6,90,2,110,115,114,99,
-    0,0,0,90,8,112,97,116,104,110,97,109,101,90,9,99,
-    112,97,116,104,110,97,109,101,114,121,0,0,0,114,159,0,
-    0,0,114,4,0,0,0,114,4,0,0,0,114,5,0,0,
-    0,218,14,95,102,105,120,95,117,112,95,109,111,100,117,108,
-    101,38,5,0,0,115,34,0,0,0,0,2,10,1,10,1,
-    4,1,4,1,8,1,8,1,12,2,10,1,4,1,16,1,
-    2,1,8,1,8,1,8,1,12,1,14,2,114,21,1,0,
-    0,99,0,0,0,0,0,0,0,0,3,0,0,0,3,0,
-    0,0,67,0,0,0,115,38,0,0,0,116,0,116,1,106,
-    2,131,0,102,2,125,0,116,3,116,4,102,2,125,1,116,
-    5,116,6,102,2,125,2,124,0,124,1,124,2,103,3,83,
-    0,41,1,122,95,82,101,116,117,114,110,115,32,97,32,108,
-    105,115,116,32,111,102,32,102,105,108,101,45,98,97,115,101,
-    100,32,109,111,100,117,108,101,32,108,111,97,100,101,114,115,
-    46,10,10,32,32,32,32,69,97,99,104,32,105,116,101,109,
-    32,105,115,32,97,32,116,117,112,108,101,32,40,108,111,97,
-    100,101,114,44,32,115,117,102,102,105,120,101,115,41,46,10,
-    32,32,32,32,41,7,114,219,0,0,0,114,140,0,0,0,
-    218,18,101,120,116,101,110,115,105,111,110,95,115,117,102,102,
-    105,120,101,115,114,213,0,0,0,114,85,0,0,0,114,218,
-    0,0,0,114,75,0,0,0,41,3,90,10,101,120,116,101,
-    110,115,105,111,110,115,90,6,115,111,117,114,99,101,90,8,
-    98,121,116,101,99,111,100,101,114,4,0,0,0,114,4,0,
-    0,0,114,5,0,0,0,114,156,0,0,0,61,5,0,0,
-    115,8,0,0,0,0,5,12,1,8,1,8,1,114,156,0,
-    0,0,99,1,0,0,0,0,0,0,0,12,0,0,0,12,
-    0,0,0,67,0,0,0,115,188,1,0,0,124,0,97,0,
-    116,0,106,1,97,1,116,0,106,2,97,2,116,1,106,3,
-    116,4,25,0,125,1,120,56,100,26,68,0,93,48,125,2,
-    124,2,116,1,106,3,107,7,114,58,116,0,106,5,124,2,
-    131,1,125,3,110,10,116,1,106,3,124,2,25,0,125,3,
-    116,6,124,1,124,2,124,3,131,3,1,0,113,32,87,0,
-    100,5,100,6,103,1,102,2,100,7,100,8,100,6,103,2,
-    102,2,102,2,125,4,120,118,124,4,68,0,93,102,92,2,
-    125,5,125,6,116,7,100,9,100,10,132,0,124,6,68,0,
-    131,1,131,1,115,142,116,8,130,1,124,6,100,11,25,0,
-    125,7,124,5,116,1,106,3,107,6,114,174,116,1,106,3,
-    124,5,25,0,125,8,80,0,113,112,121,16,116,0,106,5,
-    124,5,131,1,125,8,80,0,87,0,113,112,4,0,116,9,
-    107,10,114,212,1,0,1,0,1,0,119,112,89,0,113,112,
-    88,0,113,112,87,0,116,9,100,12,131,1,130,1,116,6,
-    124,1,100,13,124,8,131,3,1,0,116,6,124,1,100,14,
-    124,7,131,3,1,0,116,6,124,1,100,15,100,16,106,10,
-    124,6,131,1,131,3,1,0,121,14,116,0,106,5,100,17,
-    131,1,125,9,87,0,110,26,4,0,116,9,107,10,144,1,
-    114,52,1,0,1,0,1,0,100,18,125,9,89,0,110,2,
-    88,0,116,6,124,1,100,17,124,9,131,3,1,0,116,0,
-    106,5,100,19,131,1,125,10,116,6,124,1,100,19,124,10,
-    131,3,1,0,124,5,100,7,107,2,144,1,114,120,116,0,
-    106,5,100,20,131,1,125,11,116,6,124,1,100,21,124,11,
-    131,3,1,0,116,6,124,1,100,22,116,11,131,0,131,3,
-    1,0,116,12,106,13,116,2,106,14,131,0,131,1,1,0,
-    124,5,100,7,107,2,144,1,114,184,116,15,106,16,100,23,
-    131,1,1,0,100,24,116,12,107,6,144,1,114,184,100,25,
-    116,17,95,18,100,18,83,0,41,27,122,205,83,101,116,117,
-    112,32,116,104,101,32,112,97,116,104,45,98,97,115,101,100,
-    32,105,109,112,111,114,116,101,114,115,32,102,111,114,32,105,
-    109,112,111,114,116,108,105,98,32,98,121,32,105,109,112,111,
-    114,116,105,110,103,32,110,101,101,100,101,100,10,32,32,32,
-    32,98,117,105,108,116,45,105,110,32,109,111,100,117,108,101,
-    115,32,97,110,100,32,105,110,106,101,99,116,105,110,103,32,
-    116,104,101,109,32,105,110,116,111,32,116,104,101,32,103,108,
-    111,98,97,108,32,110,97,109,101,115,112,97,99,101,46,10,
-    10,32,32,32,32,79,116,104,101,114,32,99,111,109,112,111,
-    110,101,110,116,115,32,97,114,101,32,101,120,116,114,97,99,
-    116,101,100,32,102,114,111,109,32,116,104,101,32,99,111,114,
-    101,32,98,111,111,116,115,116,114,97,112,32,109,111,100,117,
-    108,101,46,10,10,32,32,32,32,114,50,0,0,0,114,61,
-    0,0,0,218,8,98,117,105,108,116,105,110,115,114,137,0,
-    0,0,90,5,112,111,115,105,120,250,1,47,218,2,110,116,
-    250,1,92,99,1,0,0,0,0,0,0,0,2,0,0,0,
-    3,0,0,0,115,0,0,0,115,26,0,0,0,124,0,93,
-    18,125,1,116,0,124,1,131,1,100,0,107,2,86,0,1,
-    0,113,2,100,1,83,0,41,2,114,29,0,0,0,78,41,
-    1,114,31,0,0,0,41,2,114,22,0,0,0,114,78,0,
-    0,0,114,4,0,0,0,114,4,0,0,0,114,5,0,0,
-    0,114,222,0,0,0,97,5,0,0,115,2,0,0,0,4,
-    0,122,25,95,115,101,116,117,112,46,60,108,111,99,97,108,
-    115,62,46,60,103,101,110,101,120,112,114,62,114,60,0,0,
-    0,122,30,105,109,112,111,114,116,108,105,98,32,114,101,113,
-    117,105,114,101,115,32,112,111,115,105,120,32,111,114,32,110,
-    116,114,3,0,0,0,114,25,0,0,0,114,21,0,0,0,
-    114,30,0,0,0,90,7,95,116,104,114,101,97,100,78,90,
-    8,95,119,101,97,107,114,101,102,90,6,119,105,110,114,101,
-    103,114,164,0,0,0,114,6,0,0,0,122,4,46,112,121,
-    119,122,6,95,100,46,112,121,100,84,41,4,122,3,95,105,
-    111,122,9,95,119,97,114,110,105,110,103,115,122,8,98,117,
-    105,108,116,105,110,115,122,7,109,97,114,115,104,97,108,41,
-    19,114,115,0,0,0,114,7,0,0,0,114,140,0,0,0,
-    114,234,0,0,0,114,106,0,0,0,90,18,95,98,117,105,
-    108,116,105,110,95,102,114,111,109,95,110,97,109,101,114,110,
-    0,0,0,218,3,97,108,108,218,14,65,115,115,101,114,116,
-    105,111,110,69,114,114,111,114,114,100,0,0,0,114,26,0,
-    0,0,114,11,0,0,0,114,224,0,0,0,114,144,0,0,
-    0,114,22,1,0,0,114,85,0,0,0,114,158,0,0,0,
-    114,163,0,0,0,114,168,0,0,0,41,12,218,17,95,98,
-    111,111,116,115,116,114,97,112,95,109,111,100,117,108,101,90,
-    11,115,101,108,102,95,109,111,100,117,108,101,90,12,98,117,
-    105,108,116,105,110,95,110,97,109,101,90,14,98,117,105,108,
-    116,105,110,95,109,111,100,117,108,101,90,10,111,115,95,100,
-    101,116,97,105,108,115,90,10,98,117,105,108,116,105,110,95,
-    111,115,114,21,0,0,0,114,25,0,0,0,90,9,111,115,
-    95,109,111,100,117,108,101,90,13,116,104,114,101,97,100,95,
-    109,111,100,117,108,101,90,14,119,101,97,107,114,101,102,95,
-    109,111,100,117,108,101,90,13,119,105,110,114,101,103,95,109,
-    111,100,117,108,101,114,4,0,0,0,114,4,0,0,0,114,
-    5,0,0,0,218,6,95,115,101,116,117,112,72,5,0,0,
-    115,82,0,0,0,0,8,4,1,6,1,6,3,10,1,10,
-    1,10,1,12,2,10,1,16,3,22,1,14,2,22,1,8,
-    1,10,1,10,1,4,2,2,1,10,1,6,1,14,1,12,
-    2,8,1,12,1,12,1,18,3,2,1,14,1,16,2,10,
-    1,12,3,10,1,12,3,10,1,10,1,12,3,14,1,14,
-    1,10,1,10,1,10,1,114,30,1,0,0,99,1,0,0,
-    0,0,0,0,0,2,0,0,0,3,0,0,0,67,0,0,
-    0,115,84,0,0,0,116,0,124,0,131,1,1,0,116,1,
-    131,0,125,1,116,2,106,3,106,4,116,5,106,6,124,1,
-    140,0,103,1,131,1,1,0,116,7,106,8,100,1,107,2,
-    114,56,116,2,106,9,106,10,116,11,131,1,1,0,116,2,
-    106,9,106,10,116,12,131,1,1,0,116,5,124,0,95,5,
-    116,13,124,0,95,13,100,2,83,0,41,3,122,41,73,110,
-    115,116,97,108,108,32,116,104,101,32,112,97,116,104,45,98,
-    97,115,101,100,32,105,109,112,111,114,116,32,99,111,109,112,
-    111,110,101,110,116,115,46,114,25,1,0,0,78,41,14,114,
-    30,1,0,0,114,156,0,0,0,114,7,0,0,0,114,251,
-    0,0,0,114,144,0,0,0,114,3,1,0,0,114,16,1,
-    0,0,114,3,0,0,0,114,106,0,0,0,218,9,109,101,
-    116,97,95,112,97,116,104,114,158,0,0,0,114,163,0,0,
-    0,114,246,0,0,0,114,213,0,0,0,41,2,114,29,1,
-    0,0,90,17,115,117,112,112,111,114,116,101,100,95,108,111,
-    97,100,101,114,115,114,4,0,0,0,114,4,0,0,0,114,
-    5,0,0,0,218,8,95,105,110,115,116,97,108,108,140,5,
-    0,0,115,16,0,0,0,0,2,8,1,6,1,20,1,10,
-    1,12,1,12,4,6,1,114,32,1,0,0,41,3,122,3,
-    119,105,110,114,1,0,0,0,114,2,0,0,0,41,1,114,
-    47,0,0,0,41,1,78,41,3,78,78,78,41,3,78,78,
-    78,41,2,114,60,0,0,0,114,60,0,0,0,41,1,78,
-    41,1,78,41,56,114,108,0,0,0,114,10,0,0,0,114,
-    11,0,0,0,114,17,0,0,0,114,19,0,0,0,114,28,
-    0,0,0,114,38,0,0,0,114,39,0,0,0,114,43,0,
-    0,0,114,44,0,0,0,114,46,0,0,0,114,56,0,0,
-    0,218,4,116,121,112,101,218,8,95,95,99,111,100,101,95,
-    95,114,139,0,0,0,114,15,0,0,0,114,129,0,0,0,
-    114,14,0,0,0,114,18,0,0,0,90,17,95,82,65,87,
-    95,77,65,71,73,67,95,78,85,77,66,69,82,114,74,0,
-    0,0,114,73,0,0,0,114,85,0,0,0,114,75,0,0,
-    0,90,23,68,69,66,85,71,95,66,89,84,69,67,79,68,
-    69,95,83,85,70,70,73,88,69,83,90,27,79,80,84,73,
-    77,73,90,69,68,95,66,89,84,69,67,79,68,69,95,83,
-    85,70,70,73,88,69,83,114,80,0,0,0,114,86,0,0,
-    0,114,92,0,0,0,114,96,0,0,0,114,98,0,0,0,
-    114,117,0,0,0,114,124,0,0,0,114,136,0,0,0,114,
-    142,0,0,0,114,145,0,0,0,114,150,0,0,0,218,6,
-    111,98,106,101,99,116,114,157,0,0,0,114,162,0,0,0,
-    114,163,0,0,0,114,179,0,0,0,114,189,0,0,0,114,
-    205,0,0,0,114,213,0,0,0,114,218,0,0,0,114,224,
-    0,0,0,114,219,0,0,0,114,225,0,0,0,114,244,0,
-    0,0,114,246,0,0,0,114,3,1,0,0,114,21,1,0,
-    0,114,156,0,0,0,114,30,1,0,0,114,32,1,0,0,
-    114,4,0,0,0,114,4,0,0,0,114,4,0,0,0,114,
-    5,0,0,0,218,8,60,109,111,100,117,108,101,62,8,0,
-    0,0,115,102,0,0,0,4,17,4,3,8,12,8,5,8,
-    5,8,6,8,12,8,10,8,9,8,5,8,7,10,22,10,
-    116,16,1,12,2,4,1,4,2,6,2,6,2,8,2,16,
-    44,8,33,8,19,8,12,8,12,8,28,8,17,10,55,10,
-    12,10,10,8,14,6,3,4,1,14,65,14,64,14,29,16,
-    110,14,41,18,45,18,16,4,3,18,53,14,60,14,42,14,
-    127,0,7,14,127,0,20,10,23,8,11,8,68,
+    114,247,0,0,0,173,4,0,0,115,2,0,0,0,0,2,
+    122,28,70,105,108,101,70,105,110,100,101,114,46,105,110,118,
+    97,108,105,100,97,116,101,95,99,97,99,104,101,115,99,2,
+    0,0,0,0,0,0,0,3,0,0,0,2,0,0,0,67,
+    0,0,0,115,42,0,0,0,124,0,106,0,124,1,131,1,
+    125,2,124,2,100,1,107,8,114,26,100,1,103,0,102,2,
+    83,0,124,2,106,1,124,2,106,2,112,38,103,0,102,2,
+    83,0,41,2,122,197,84,114,121,32,116,111,32,102,105,110,
+    100,32,97,32,108,111,97,100,101,114,32,102,111,114,32,116,
+    104,101,32,115,112,101,99,105,102,105,101,100,32,109,111,100,
+    117,108,101,44,32,111,114,32,116,104,101,32,110,97,109,101,
+    115,112,97,99,101,10,32,32,32,32,32,32,32,32,112,97,
+    99,107,97,103,101,32,112,111,114,116,105,111,110,115,46,32,
+    82,101,116,117,114,110,115,32,40,108,111,97,100,101,114,44,
+    32,108,105,115,116,45,111,102,45,112,111,114,116,105,111,110,
+    115,41,46,10,10,32,32,32,32,32,32,32,32,84,104,105,
+    115,32,109,101,116,104,111,100,32,105,115,32,100,101,112,114,
+    101,99,97,116,101,100,46,32,32,85,115,101,32,102,105,110,
+    100,95,115,112,101,99,40,41,32,105,110,115,116,101,97,100,
+    46,10,10,32,32,32,32,32,32,32,32,78,41,3,114,176,
+    0,0,0,114,121,0,0,0,114,151,0,0,0,41,3,114,
+    101,0,0,0,114,120,0,0,0,114,159,0,0,0,114,4,
+    0,0,0,114,4,0,0,0,114,5,0,0,0,114,118,0,
+    0,0,179,4,0,0,115,8,0,0,0,0,7,10,1,8,
+    1,8,1,122,22,70,105,108,101,70,105,110,100,101,114,46,
+    102,105,110,100,95,108,111,97,100,101,114,99,6,0,0,0,
+    0,0,0,0,7,0,0,0,7,0,0,0,67,0,0,0,
+    115,30,0,0,0,124,1,124,2,124,3,131,2,125,6,116,
+    0,124,2,124,3,100,1,124,6,100,2,124,4,144,2,131,
+    2,83,0,41,3,78,114,121,0,0,0,114,151,0,0,0,
+    41,1,114,162,0,0,0,41,7,114,101,0,0,0,114,160,
+    0,0,0,114,120,0,0,0,114,35,0,0,0,90,4,115,
+    109,115,108,114,175,0,0,0,114,121,0,0,0,114,4,0,
+    0,0,114,4,0,0,0,114,5,0,0,0,114,3,1,0,
+    0,191,4,0,0,115,6,0,0,0,0,1,10,1,12,1,
+    122,20,70,105,108,101,70,105,110,100,101,114,46,95,103,101,
+    116,95,115,112,101,99,78,99,3,0,0,0,0,0,0,0,
+    14,0,0,0,15,0,0,0,67,0,0,0,115,100,1,0,
+    0,100,1,125,3,124,1,106,0,100,2,131,1,100,3,25,
+    0,125,4,121,24,116,1,124,0,106,2,112,34,116,3,106,
+    4,131,0,131,1,106,5,125,5,87,0,110,24,4,0,116,
+    6,107,10,114,66,1,0,1,0,1,0,100,10,125,5,89,
+    0,110,2,88,0,124,5,124,0,106,7,107,3,114,92,124,
+    0,106,8,131,0,1,0,124,5,124,0,95,7,116,9,131,
+    0,114,114,124,0,106,10,125,6,124,4,106,11,131,0,125,
+    7,110,10,124,0,106,12,125,6,124,4,125,7,124,7,124,
+    6,107,6,114,218,116,13,124,0,106,2,124,4,131,2,125,
+    8,120,72,124,0,106,14,68,0,93,54,92,2,125,9,125,
+    10,100,5,124,9,23,0,125,11,116,13,124,8,124,11,131,
+    2,125,12,116,15,124,12,131,1,114,152,124,0,106,16,124,
+    10,124,1,124,12,124,8,103,1,124,2,131,5,83,0,113,
+    152,87,0,116,17,124,8,131,1,125,3,120,90,124,0,106,
+    14,68,0,93,80,92,2,125,9,125,10,116,13,124,0,106,
+    2,124,4,124,9,23,0,131,2,125,12,116,18,106,19,100,
+    6,124,12,100,7,100,3,144,1,131,2,1,0,124,7,124,
+    9,23,0,124,6,107,6,114,226,116,15,124,12,131,1,114,
+    226,124,0,106,16,124,10,124,1,124,12,100,8,124,2,131,
+    5,83,0,113,226,87,0,124,3,144,1,114,96,116,18,106,
+    19,100,9,124,8,131,2,1,0,116,18,106,20,124,1,100,
+    8,131,2,125,13,124,8,103,1,124,13,95,21,124,13,83,
+    0,100,8,83,0,41,11,122,102,84,114,121,32,116,111,32,
+    102,105,110,100,32,97,32,115,112,101,99,32,102,111,114,32,
+    116,104,101,32,115,112,101,99,105,102,105,101,100,32,109,111,
+    100,117,108,101,46,32,32,82,101,116,117,114,110,115,32,116,
+    104,101,10,32,32,32,32,32,32,32,32,109,97,116,99,104,
+    105,110,103,32,115,112,101,99,44,32,111,114,32,78,111,110,
+    101,32,105,102,32,110,111,116,32,102,111,117,110,100,46,70,
+    114,59,0,0,0,114,57,0,0,0,114,29,0,0,0,114,
+    180,0,0,0,122,9,116,114,121,105,110,103,32,123,125,90,
+    9,118,101,114,98,111,115,105,116,121,78,122,25,112,111,115,
+    115,105,98,108,101,32,110,97,109,101,115,112,97,99,101,32,
+    102,111,114,32,123,125,114,88,0,0,0,41,22,114,32,0,
+    0,0,114,39,0,0,0,114,35,0,0,0,114,3,0,0,
+    0,114,45,0,0,0,114,214,0,0,0,114,40,0,0,0,
+    114,6,1,0,0,218,11,95,102,105,108,108,95,99,97,99,
+    104,101,114,6,0,0,0,114,9,1,0,0,114,89,0,0,
+    0,114,8,1,0,0,114,28,0,0,0,114,5,1,0,0,
+    114,44,0,0,0,114,3,1,0,0,114,46,0,0,0,114,
+    115,0,0,0,114,130,0,0,0,114,155,0,0,0,114,151,
+    0,0,0,41,14,114,101,0,0,0,114,120,0,0,0,114,
+    175,0,0,0,90,12,105,115,95,110,97,109,101,115,112,97,
+    99,101,90,11,116,97,105,108,95,109,111,100,117,108,101,114,
+    127,0,0,0,90,5,99,97,99,104,101,90,12,99,97,99,
+    104,101,95,109,111,100,117,108,101,90,9,98,97,115,101,95,
+    112,97,116,104,114,220,0,0,0,114,160,0,0,0,90,13,
+    105,110,105,116,95,102,105,108,101,110,97,109,101,90,9,102,
+    117,108,108,95,112,97,116,104,114,159,0,0,0,114,4,0,
+    0,0,114,4,0,0,0,114,5,0,0,0,114,176,0,0,
+    0,196,4,0,0,115,70,0,0,0,0,3,4,1,14,1,
+    2,1,24,1,14,1,10,1,10,1,8,1,6,2,6,1,
+    6,1,10,2,6,1,4,2,8,1,12,1,16,1,8,1,
+    10,1,8,1,24,4,8,2,16,1,16,1,18,1,12,1,
+    8,1,10,1,12,1,6,1,12,1,12,1,8,1,4,1,
+    122,20,70,105,108,101,70,105,110,100,101,114,46,102,105,110,
+    100,95,115,112,101,99,99,1,0,0,0,0,0,0,0,9,
+    0,0,0,13,0,0,0,67,0,0,0,115,194,0,0,0,
+    124,0,106,0,125,1,121,22,116,1,106,2,124,1,112,22,
+    116,1,106,3,131,0,131,1,125,2,87,0,110,30,4,0,
+    116,4,116,5,116,6,102,3,107,10,114,58,1,0,1,0,
+    1,0,103,0,125,2,89,0,110,2,88,0,116,7,106,8,
+    106,9,100,1,131,1,115,84,116,10,124,2,131,1,124,0,
+    95,11,110,78,116,10,131,0,125,3,120,64,124,2,68,0,
+    93,56,125,4,124,4,106,12,100,2,131,1,92,3,125,5,
+    125,6,125,7,124,6,114,138,100,3,106,13,124,5,124,7,
+    106,14,131,0,131,2,125,8,110,4,124,5,125,8,124,3,
+    106,15,124,8,131,1,1,0,113,96,87,0,124,3,124,0,
+    95,11,116,7,106,8,106,9,116,16,131,1,114,190,100,4,
+    100,5,132,0,124,2,68,0,131,1,124,0,95,17,100,6,
+    83,0,41,7,122,68,70,105,108,108,32,116,104,101,32,99,
+    97,99,104,101,32,111,102,32,112,111,116,101,110,116,105,97,
+    108,32,109,111,100,117,108,101,115,32,97,110,100,32,112,97,
+    99,107,97,103,101,115,32,102,111,114,32,116,104,105,115,32,
+    100,105,114,101,99,116,111,114,121,46,114,0,0,0,0,114,
+    59,0,0,0,122,5,123,125,46,123,125,99,1,0,0,0,
+    0,0,0,0,2,0,0,0,3,0,0,0,83,0,0,0,
+    115,20,0,0,0,104,0,124,0,93,12,125,1,124,1,106,
+    0,131,0,146,2,113,4,83,0,114,4,0,0,0,41,1,
+    114,89,0,0,0,41,2,114,22,0,0,0,90,2,102,110,
+    114,4,0,0,0,114,4,0,0,0,114,5,0,0,0,250,
+    9,60,115,101,116,99,111,109,112,62,15,5,0,0,115,2,
+    0,0,0,6,0,122,41,70,105,108,101,70,105,110,100,101,
+    114,46,95,102,105,108,108,95,99,97,99,104,101,46,60,108,
+    111,99,97,108,115,62,46,60,115,101,116,99,111,109,112,62,
+    78,41,18,114,35,0,0,0,114,3,0,0,0,90,7,108,
+    105,115,116,100,105,114,114,45,0,0,0,114,253,0,0,0,
+    218,15,80,101,114,109,105,115,115,105,111,110,69,114,114,111,
+    114,218,18,78,111,116,65,68,105,114,101,99,116,111,114,121,
+    69,114,114,111,114,114,7,0,0,0,114,8,0,0,0,114,
+    9,0,0,0,114,7,1,0,0,114,8,1,0,0,114,84,
+    0,0,0,114,48,0,0,0,114,89,0,0,0,218,3,97,
+    100,100,114,10,0,0,0,114,9,1,0,0,41,9,114,101,
+    0,0,0,114,35,0,0,0,90,8,99,111,110,116,101,110,
+    116,115,90,21,108,111,119,101,114,95,115,117,102,102,105,120,
+    95,99,111,110,116,101,110,116,115,114,242,0,0,0,114,99,
+    0,0,0,114,232,0,0,0,114,220,0,0,0,90,8,110,
+    101,119,95,110,97,109,101,114,4,0,0,0,114,4,0,0,
+    0,114,5,0,0,0,114,11,1,0,0,242,4,0,0,115,
+    34,0,0,0,0,2,6,1,2,1,22,1,20,3,10,3,
+    12,1,12,7,6,1,10,1,16,1,4,1,18,2,4,1,
+    14,1,6,1,12,1,122,22,70,105,108,101,70,105,110,100,
+    101,114,46,95,102,105,108,108,95,99,97,99,104,101,99,1,
+    0,0,0,0,0,0,0,3,0,0,0,3,0,0,0,7,
+    0,0,0,115,18,0,0,0,135,0,135,1,102,2,100,1,
+    100,2,132,8,125,2,124,2,83,0,41,3,97,20,1,0,
+    0,65,32,99,108,97,115,115,32,109,101,116,104,111,100,32,
+    119,104,105,99,104,32,114,101,116,117,114,110,115,32,97,32,
+    99,108,111,115,117,114,101,32,116,111,32,117,115,101,32,111,
+    110,32,115,121,115,46,112,97,116,104,95,104,111,111,107,10,
+    32,32,32,32,32,32,32,32,119,104,105,99,104,32,119,105,
+    108,108,32,114,101,116,117,114,110,32,97,110,32,105,110,115,
+    116,97,110,99,101,32,117,115,105,110,103,32,116,104,101,32,
+    115,112,101,99,105,102,105,101,100,32,108,111,97,100,101,114,
+    115,32,97,110,100,32,116,104,101,32,112,97,116,104,10,32,
+    32,32,32,32,32,32,32,99,97,108,108,101,100,32,111,110,
+    32,116,104,101,32,99,108,111,115,117,114,101,46,10,10,32,
+    32,32,32,32,32,32,32,73,102,32,116,104,101,32,112,97,
+    116,104,32,99,97,108,108,101,100,32,111,110,32,116,104,101,
+    32,99,108,111,115,117,114,101,32,105,115,32,110,111,116,32,
+    97,32,100,105,114,101,99,116,111,114,121,44,32,73,109,112,
+    111,114,116,69,114,114,111,114,32,105,115,10,32,32,32,32,
+    32,32,32,32,114,97,105,115,101,100,46,10,10,32,32,32,
+    32,32,32,32,32,99,1,0,0,0,0,0,0,0,1,0,
+    0,0,4,0,0,0,19,0,0,0,115,32,0,0,0,116,
+    0,124,0,131,1,115,22,116,1,100,1,100,2,124,0,144,
+    1,131,1,130,1,136,0,124,0,136,1,140,1,83,0,41,
+    3,122,45,80,97,116,104,32,104,111,111,107,32,102,111,114,
+    32,105,109,112,111,114,116,108,105,98,46,109,97,99,104,105,
+    110,101,114,121,46,70,105,108,101,70,105,110,100,101,114,46,
+    122,30,111,110,108,121,32,100,105,114,101,99,116,111,114,105,
+    101,115,32,97,114,101,32,115,117,112,112,111,114,116,101,100,
+    114,35,0,0,0,41,2,114,46,0,0,0,114,100,0,0,
+    0,41,1,114,35,0,0,0,41,2,114,165,0,0,0,114,
+    10,1,0,0,114,4,0,0,0,114,5,0,0,0,218,24,
+    112,97,116,104,95,104,111,111,107,95,102,111,114,95,70,105,
+    108,101,70,105,110,100,101,114,27,5,0,0,115,6,0,0,
+    0,0,2,8,1,14,1,122,54,70,105,108,101,70,105,110,
+    100,101,114,46,112,97,116,104,95,104,111,111,107,46,60,108,
+    111,99,97,108,115,62,46,112,97,116,104,95,104,111,111,107,
+    95,102,111,114,95,70,105,108,101,70,105,110,100,101,114,114,
+    4,0,0,0,41,3,114,165,0,0,0,114,10,1,0,0,
+    114,16,1,0,0,114,4,0,0,0,41,2,114,165,0,0,
+    0,114,10,1,0,0,114,5,0,0,0,218,9,112,97,116,
+    104,95,104,111,111,107,17,5,0,0,115,4,0,0,0,0,
+    10,14,6,122,20,70,105,108,101,70,105,110,100,101,114,46,
+    112,97,116,104,95,104,111,111,107,99,1,0,0,0,0,0,
+    0,0,1,0,0,0,2,0,0,0,67,0,0,0,115,12,
+    0,0,0,100,1,106,0,124,0,106,1,131,1,83,0,41,
+    2,78,122,16,70,105,108,101,70,105,110,100,101,114,40,123,
+    33,114,125,41,41,2,114,48,0,0,0,114,35,0,0,0,
+    41,1,114,101,0,0,0,114,4,0,0,0,114,4,0,0,
+    0,114,5,0,0,0,114,241,0,0,0,35,5,0,0,115,
+    2,0,0,0,0,1,122,19,70,105,108,101,70,105,110,100,
+    101,114,46,95,95,114,101,112,114,95,95,41,1,78,41,15,
+    114,106,0,0,0,114,105,0,0,0,114,107,0,0,0,114,
+    108,0,0,0,114,180,0,0,0,114,247,0,0,0,114,124,
+    0,0,0,114,177,0,0,0,114,118,0,0,0,114,3,1,
+    0,0,114,176,0,0,0,114,11,1,0,0,114,178,0,0,
+    0,114,17,1,0,0,114,241,0,0,0,114,4,0,0,0,
+    114,4,0,0,0,114,4,0,0,0,114,5,0,0,0,114,
+    4,1,0,0,150,4,0,0,115,20,0,0,0,8,7,4,
+    2,8,14,8,4,4,2,8,12,8,5,10,46,8,31,12,
+    18,114,4,1,0,0,99,4,0,0,0,0,0,0,0,6,
+    0,0,0,11,0,0,0,67,0,0,0,115,148,0,0,0,
+    124,0,106,0,100,1,131,1,125,4,124,0,106,0,100,2,
+    131,1,125,5,124,4,115,66,124,5,114,36,124,5,106,1,
+    125,4,110,30,124,2,124,3,107,2,114,56,116,2,124,1,
+    124,2,131,2,125,4,110,10,116,3,124,1,124,2,131,2,
+    125,4,124,5,115,86,116,4,124,1,124,2,100,3,124,4,
+    144,1,131,2,125,5,121,36,124,5,124,0,100,2,60,0,
+    124,4,124,0,100,1,60,0,124,2,124,0,100,4,60,0,
+    124,3,124,0,100,5,60,0,87,0,110,20,4,0,116,5,
+    107,10,114,142,1,0,1,0,1,0,89,0,110,2,88,0,
+    100,0,83,0,41,6,78,218,10,95,95,108,111,97,100,101,
+    114,95,95,218,8,95,95,115,112,101,99,95,95,114,121,0,
+    0,0,90,8,95,95,102,105,108,101,95,95,90,10,95,95,
+    99,97,99,104,101,100,95,95,41,6,218,3,103,101,116,114,
+    121,0,0,0,114,218,0,0,0,114,213,0,0,0,114,162,
+    0,0,0,218,9,69,120,99,101,112,116,105,111,110,41,6,
+    90,2,110,115,114,99,0,0,0,90,8,112,97,116,104,110,
+    97,109,101,90,9,99,112,97,116,104,110,97,109,101,114,121,
+    0,0,0,114,159,0,0,0,114,4,0,0,0,114,4,0,
+    0,0,114,5,0,0,0,218,14,95,102,105,120,95,117,112,
+    95,109,111,100,117,108,101,41,5,0,0,115,34,0,0,0,
+    0,2,10,1,10,1,4,1,4,1,8,1,8,1,12,2,
+    10,1,4,1,16,1,2,1,8,1,8,1,8,1,12,1,
+    14,2,114,22,1,0,0,99,0,0,0,0,0,0,0,0,
+    3,0,0,0,3,0,0,0,67,0,0,0,115,38,0,0,
+    0,116,0,116,1,106,2,131,0,102,2,125,0,116,3,116,
+    4,102,2,125,1,116,5,116,6,102,2,125,2,124,0,124,
+    1,124,2,103,3,83,0,41,1,122,95,82,101,116,117,114,
+    110,115,32,97,32,108,105,115,116,32,111,102,32,102,105,108,
+    101,45,98,97,115,101,100,32,109,111,100,117,108,101,32,108,
+    111,97,100,101,114,115,46,10,10,32,32,32,32,69,97,99,
+    104,32,105,116,101,109,32,105,115,32,97,32,116,117,112,108,
+    101,32,40,108,111,97,100,101,114,44,32,115,117,102,102,105,
+    120,101,115,41,46,10,32,32,32,32,41,7,114,219,0,0,
+    0,114,140,0,0,0,218,18,101,120,116,101,110,115,105,111,
+    110,95,115,117,102,102,105,120,101,115,114,213,0,0,0,114,
+    85,0,0,0,114,218,0,0,0,114,75,0,0,0,41,3,
+    90,10,101,120,116,101,110,115,105,111,110,115,90,6,115,111,
+    117,114,99,101,90,8,98,121,116,101,99,111,100,101,114,4,
+    0,0,0,114,4,0,0,0,114,5,0,0,0,114,156,0,
+    0,0,64,5,0,0,115,8,0,0,0,0,5,12,1,8,
+    1,8,1,114,156,0,0,0,99,1,0,0,0,0,0,0,
+    0,12,0,0,0,12,0,0,0,67,0,0,0,115,188,1,
+    0,0,124,0,97,0,116,0,106,1,97,1,116,0,106,2,
+    97,2,116,1,106,3,116,4,25,0,125,1,120,56,100,26,
+    68,0,93,48,125,2,124,2,116,1,106,3,107,7,114,58,
+    116,0,106,5,124,2,131,1,125,3,110,10,116,1,106,3,
+    124,2,25,0,125,3,116,6,124,1,124,2,124,3,131,3,
+    1,0,113,32,87,0,100,5,100,6,103,1,102,2,100,7,
+    100,8,100,6,103,2,102,2,102,2,125,4,120,118,124,4,
+    68,0,93,102,92,2,125,5,125,6,116,7,100,9,100,10,
+    132,0,124,6,68,0,131,1,131,1,115,142,116,8,130,1,
+    124,6,100,11,25,0,125,7,124,5,116,1,106,3,107,6,
+    114,174,116,1,106,3,124,5,25,0,125,8,80,0,113,112,
+    121,16,116,0,106,5,124,5,131,1,125,8,80,0,87,0,
+    113,112,4,0,116,9,107,10,114,212,1,0,1,0,1,0,
+    119,112,89,0,113,112,88,0,113,112,87,0,116,9,100,12,
+    131,1,130,1,116,6,124,1,100,13,124,8,131,3,1,0,
+    116,6,124,1,100,14,124,7,131,3,1,0,116,6,124,1,
+    100,15,100,16,106,10,124,6,131,1,131,3,1,0,121,14,
+    116,0,106,5,100,17,131,1,125,9,87,0,110,26,4,0,
+    116,9,107,10,144,1,114,52,1,0,1,0,1,0,100,18,
+    125,9,89,0,110,2,88,0,116,6,124,1,100,17,124,9,
+    131,3,1,0,116,0,106,5,100,19,131,1,125,10,116,6,
+    124,1,100,19,124,10,131,3,1,0,124,5,100,7,107,2,
+    144,1,114,120,116,0,106,5,100,20,131,1,125,11,116,6,
+    124,1,100,21,124,11,131,3,1,0,116,6,124,1,100,22,
+    116,11,131,0,131,3,1,0,116,12,106,13,116,2,106,14,
+    131,0,131,1,1,0,124,5,100,7,107,2,144,1,114,184,
+    116,15,106,16,100,23,131,1,1,0,100,24,116,12,107,6,
+    144,1,114,184,100,25,116,17,95,18,100,18,83,0,41,27,
+    122,205,83,101,116,117,112,32,116,104,101,32,112,97,116,104,
+    45,98,97,115,101,100,32,105,109,112,111,114,116,101,114,115,
+    32,102,111,114,32,105,109,112,111,114,116,108,105,98,32,98,
+    121,32,105,109,112,111,114,116,105,110,103,32,110,101,101,100,
+    101,100,10,32,32,32,32,98,117,105,108,116,45,105,110,32,
+    109,111,100,117,108,101,115,32,97,110,100,32,105,110,106,101,
+    99,116,105,110,103,32,116,104,101,109,32,105,110,116,111,32,
+    116,104,101,32,103,108,111,98,97,108,32,110,97,109,101,115,
+    112,97,99,101,46,10,10,32,32,32,32,79,116,104,101,114,
+    32,99,111,109,112,111,110,101,110,116,115,32,97,114,101,32,
+    101,120,116,114,97,99,116,101,100,32,102,114,111,109,32,116,
+    104,101,32,99,111,114,101,32,98,111,111,116,115,116,114,97,
+    112,32,109,111,100,117,108,101,46,10,10,32,32,32,32,114,
+    50,0,0,0,114,61,0,0,0,218,8,98,117,105,108,116,
+    105,110,115,114,137,0,0,0,90,5,112,111,115,105,120,250,
+    1,47,218,2,110,116,250,1,92,99,1,0,0,0,0,0,
+    0,0,2,0,0,0,3,0,0,0,115,0,0,0,115,26,
+    0,0,0,124,0,93,18,125,1,116,0,124,1,131,1,100,
+    0,107,2,86,0,1,0,113,2,100,1,83,0,41,2,114,
+    29,0,0,0,78,41,1,114,31,0,0,0,41,2,114,22,
+    0,0,0,114,78,0,0,0,114,4,0,0,0,114,4,0,
+    0,0,114,5,0,0,0,114,222,0,0,0,100,5,0,0,
+    115,2,0,0,0,4,0,122,25,95,115,101,116,117,112,46,
+    60,108,111,99,97,108,115,62,46,60,103,101,110,101,120,112,
+    114,62,114,60,0,0,0,122,30,105,109,112,111,114,116,108,
+    105,98,32,114,101,113,117,105,114,101,115,32,112,111,115,105,
+    120,32,111,114,32,110,116,114,3,0,0,0,114,25,0,0,
+    0,114,21,0,0,0,114,30,0,0,0,90,7,95,116,104,
+    114,101,97,100,78,90,8,95,119,101,97,107,114,101,102,90,
+    6,119,105,110,114,101,103,114,164,0,0,0,114,6,0,0,
+    0,122,4,46,112,121,119,122,6,95,100,46,112,121,100,84,
+    41,4,122,3,95,105,111,122,9,95,119,97,114,110,105,110,
+    103,115,122,8,98,117,105,108,116,105,110,115,122,7,109,97,
+    114,115,104,97,108,41,19,114,115,0,0,0,114,7,0,0,
+    0,114,140,0,0,0,114,234,0,0,0,114,106,0,0,0,
+    90,18,95,98,117,105,108,116,105,110,95,102,114,111,109,95,
+    110,97,109,101,114,110,0,0,0,218,3,97,108,108,218,14,
+    65,115,115,101,114,116,105,111,110,69,114,114,111,114,114,100,
+    0,0,0,114,26,0,0,0,114,11,0,0,0,114,224,0,
+    0,0,114,144,0,0,0,114,23,1,0,0,114,85,0,0,
+    0,114,158,0,0,0,114,163,0,0,0,114,168,0,0,0,
+    41,12,218,17,95,98,111,111,116,115,116,114,97,112,95,109,
+    111,100,117,108,101,90,11,115,101,108,102,95,109,111,100,117,
+    108,101,90,12,98,117,105,108,116,105,110,95,110,97,109,101,
+    90,14,98,117,105,108,116,105,110,95,109,111,100,117,108,101,
+    90,10,111,115,95,100,101,116,97,105,108,115,90,10,98,117,
+    105,108,116,105,110,95,111,115,114,21,0,0,0,114,25,0,
+    0,0,90,9,111,115,95,109,111,100,117,108,101,90,13,116,
+    104,114,101,97,100,95,109,111,100,117,108,101,90,14,119,101,
+    97,107,114,101,102,95,109,111,100,117,108,101,90,13,119,105,
+    110,114,101,103,95,109,111,100,117,108,101,114,4,0,0,0,
+    114,4,0,0,0,114,5,0,0,0,218,6,95,115,101,116,
+    117,112,75,5,0,0,115,82,0,0,0,0,8,4,1,6,
+    1,6,3,10,1,10,1,10,1,12,2,10,1,16,3,22,
+    1,14,2,22,1,8,1,10,1,10,1,4,2,2,1,10,
+    1,6,1,14,1,12,2,8,1,12,1,12,1,18,3,2,
+    1,14,1,16,2,10,1,12,3,10,1,12,3,10,1,10,
+    1,12,3,14,1,14,1,10,1,10,1,10,1,114,31,1,
+    0,0,99,1,0,0,0,0,0,0,0,2,0,0,0,3,
+    0,0,0,67,0,0,0,115,84,0,0,0,116,0,124,0,
+    131,1,1,0,116,1,131,0,125,1,116,2,106,3,106,4,
+    116,5,106,6,124,1,140,0,103,1,131,1,1,0,116,7,
+    106,8,100,1,107,2,114,56,116,2,106,9,106,10,116,11,
+    131,1,1,0,116,2,106,9,106,10,116,12,131,1,1,0,
+    116,5,124,0,95,5,116,13,124,0,95,13,100,2,83,0,
+    41,3,122,41,73,110,115,116,97,108,108,32,116,104,101,32,
+    112,97,116,104,45,98,97,115,101,100,32,105,109,112,111,114,
+    116,32,99,111,109,112,111,110,101,110,116,115,46,114,26,1,
+    0,0,78,41,14,114,31,1,0,0,114,156,0,0,0,114,
+    7,0,0,0,114,251,0,0,0,114,144,0,0,0,114,4,
+    1,0,0,114,17,1,0,0,114,3,0,0,0,114,106,0,
+    0,0,218,9,109,101,116,97,95,112,97,116,104,114,158,0,
+    0,0,114,163,0,0,0,114,246,0,0,0,114,213,0,0,
+    0,41,2,114,30,1,0,0,90,17,115,117,112,112,111,114,
+    116,101,100,95,108,111,97,100,101,114,115,114,4,0,0,0,
+    114,4,0,0,0,114,5,0,0,0,218,8,95,105,110,115,
+    116,97,108,108,143,5,0,0,115,16,0,0,0,0,2,8,
+    1,6,1,20,1,10,1,12,1,12,4,6,1,114,33,1,
+    0,0,41,3,122,3,119,105,110,114,1,0,0,0,114,2,
+    0,0,0,41,1,114,47,0,0,0,41,1,78,41,3,78,
+    78,78,41,3,78,78,78,41,2,114,60,0,0,0,114,60,
+    0,0,0,41,1,78,41,1,78,41,56,114,108,0,0,0,
+    114,10,0,0,0,114,11,0,0,0,114,17,0,0,0,114,
+    19,0,0,0,114,28,0,0,0,114,38,0,0,0,114,39,
+    0,0,0,114,43,0,0,0,114,44,0,0,0,114,46,0,
+    0,0,114,56,0,0,0,218,4,116,121,112,101,218,8,95,
+    95,99,111,100,101,95,95,114,139,0,0,0,114,15,0,0,
+    0,114,129,0,0,0,114,14,0,0,0,114,18,0,0,0,
+    90,17,95,82,65,87,95,77,65,71,73,67,95,78,85,77,
+    66,69,82,114,74,0,0,0,114,73,0,0,0,114,85,0,
+    0,0,114,75,0,0,0,90,23,68,69,66,85,71,95,66,
+    89,84,69,67,79,68,69,95,83,85,70,70,73,88,69,83,
+    90,27,79,80,84,73,77,73,90,69,68,95,66,89,84,69,
+    67,79,68,69,95,83,85,70,70,73,88,69,83,114,80,0,
+    0,0,114,86,0,0,0,114,92,0,0,0,114,96,0,0,
+    0,114,98,0,0,0,114,117,0,0,0,114,124,0,0,0,
+    114,136,0,0,0,114,142,0,0,0,114,145,0,0,0,114,
+    150,0,0,0,218,6,111,98,106,101,99,116,114,157,0,0,
+    0,114,162,0,0,0,114,163,0,0,0,114,179,0,0,0,
+    114,189,0,0,0,114,205,0,0,0,114,213,0,0,0,114,
+    218,0,0,0,114,224,0,0,0,114,219,0,0,0,114,225,
+    0,0,0,114,244,0,0,0,114,246,0,0,0,114,4,1,
+    0,0,114,22,1,0,0,114,156,0,0,0,114,31,1,0,
+    0,114,33,1,0,0,114,4,0,0,0,114,4,0,0,0,
+    114,4,0,0,0,114,5,0,0,0,218,8,60,109,111,100,
+    117,108,101,62,8,0,0,0,115,102,0,0,0,4,17,4,
+    3,8,12,8,5,8,5,8,6,8,12,8,10,8,9,8,
+    5,8,7,10,22,10,116,16,1,12,2,4,1,4,2,6,
+    2,6,2,8,2,16,44,8,33,8,19,8,12,8,12,8,
+    28,8,17,10,55,10,12,10,10,8,14,6,3,4,1,14,
+    65,14,64,14,29,16,110,14,41,18,45,18,16,4,3,18,
+    53,14,60,14,42,14,127,0,10,14,127,0,20,10,23,8,
+    11,8,68,
 };
